20171016 	149500 	151500 	146500 	148500 
20171017 	149000 	150500 	147500 	148500 
20171018 	149000 	149500 	145000 	146500 
20171019 	145500 	147000 	143500 	145500 
20171020 	147000 	148500 	145000 	146000 
20171023 	145500 	147000 	143000 	143500 
20171024 	143500 	146000 	143000 	144500 
20171025 	146500 	147000 	144500 	146500 
20171026 	146500 	149500 	145500 	146000 
20171027 	146500 	147000 	144000 	144500 
20171030 	145000 	146000 	143500 	143500 
20171031 	144000 	148500 	143000 	148000 
20171101 	149500 	150000 	147000 	149500 
20171102 	149500 	150000 	147000 	147500 
20171103 	147500 	148000 	145500 	148000 
20171106 	148000 	148500 	144000 	145000 
20171107 	144000 	146500 	143500 	145000 
20171108 	146000 	146000 	144000 	144500 
20171109 	144500 	146000 	143000 	146000 
20171110 	145500 	146000 	143500 	145000 
20171113 	144000 	144500 	140000 	140500 
20171114 	139500 	141000 	138500 	140000 
20171115 	139500 	140000 	138000 	138500 
20171116 	138500 	141500 	138000 	140500 
20171117 	141000 	142500 	140000 	140500 
20171120 	140500 	141000 	138500 	138500 
20171121 	139000 	140500 	138500 	139000 
20171122 	140000 	142000 	138500 	139500 
20171123 	139000 	139500 	138000 	138500 
20171124 	138500 	139500 	137500 	138500 
20171127 	138000 	138500 	134000 	134500 
20171128 	135000 	135500 	133500 	134500 
20171129 	135000 	135500 	134000 	134500 
20171130 	135000 	135000 	132000 	132000 
20171201 	133000 	134500 	132500 	133000 
20171204 	134000 	135500 	133000 	135500 
20171205 	135000 	135500 	134000 	135000 
20171206 	135000 	135500 	133000 	133500 
20171207 	134000 	134500 	132000 	133000 
20171208 	132500 	133000 	131500 	132000 
20171211 	132000 	133000 	131000 	132000 
20171212 	131500 	132500 	130500 	131500 
20171213 	131000 	134000 	131000 	132000 
20171214 	133000 	133500 	131000 	131000 
20171215 	131000 	131500 	129500 	130500 
20171218 	131000 	131500 	129000 	130000 
20171219 	130000 	131000 	129500 	130500 
20171220 	130000 	131000 	129500 	130500 
20171221 	130500 	131000 	126000 	127000 
20171222 	126000 	127000 	121000 	123000 
20171226 	123000 	124500 	122000 	122000 
20171227 	123500 	125500 	122500 	125000 
20171228 	124500 	126500 	124000 	126000 
20180102 	125500 	128000 	125000 	127500 
20180103 	126500 	127500 	126000 	126500 
20180104 	128000 	129000 	126000 	128000 
20180105 	128500 	130000 	127000 	130000 
20180108 	130000 	132000 	129500 	131000 
20180109 	134500 	138000 	134000 	136000 
20180110 	137000 	137500 	132000 	133500 
20180111 	134500 	134500 	132000 	132500 
20180112 	132500 	135000 	131000 	134000 
20180115 	133500 	135000 	133500 	134500 
20180116 	134000 	136000 	133000 	135500 
20180117 	134500 	135500 	134000 	135000 
20180118 	135000 	136500 	134500 	136500 
20180119 	136000 	138000 	135000 	135500 
20180122 	135000 	135500 	133000 	134000 
20180123 	134000 	135000 	133000 	135000 
20180124 	135000 	136000 	134500 	135500 
20180125 	134500 	136500 	134500 	136500 
20180126 	136500 	137500 	135500 	136500 
20180129 	138000 	142500 	137500 	142000 
20180130 	141000 	143000 	138500 	138500 
20180131 	137500 	144500 	136500 	142000 
20180201 	143000 	144000 	141000 	141500 
20180202 	144000 	144500 	139500 	140000 
20180205 	139500 	146500 	137000 	143000 
20180206 	139500 	141500 	135500 	138500 
20180207 	140500 	141000 	132500 	133000 
20180208 	133000 	135500 	131500 	132500 
20180209 	127500 	130000 	127000 	127500 
20180212 	128500 	129500 	127500 	128000 
20180213 	129000 	134000 	128500 	132000 
20180214 	133500 	134000 	130500 	133000 
20180219 	134500 	134500 	131500 	132000 
20180220 	132000 	132500 	130000 	131000 
20180221 	131000 	131500 	130500 	131000 
20180222 	131000 	131500 	129500 	130000 
20180223 	130500 	134500 	130000 	134000 
20180226 	134500 	135000 	130000 	131500 
20180227 	131500 	132500 	128500 	129000 
20180228 	128500 	131500 	128500 	128500 
20180302 	128000 	128500 	126000 	128000 
20180305 	128000 	129500 	126500 	127000 
20180306 	128000 	129500 	127500 	129000 
20180307 	128500 	130000 	127500 	128500 
20180308 	129000 	130000 	128500 	129500 
20180309 	130000 	132500 	129500 	131500 
20180312 	133000 	134000 	132000 	133000 
20180313 	132500 	134000 	131500 	133500 
20180314 	132500 	133000 	131500 	133000 
20180315 	132500 	132500 	130500 	131500 
20180316 	132000 	135000 	131500 	134000 
20180319 	134500 	136000 	132500 	133000 
20180320 	132000 	134500 	132000 	134000 
20180321 	133500 	134000 	132500 	133500 
20180322 	133500 	134500 	131500 	132000 
20180323 	129500 	130500 	128000 	129000 
20180326 	128500 	129500 	128000 	129000 
20180327 	130000 	132500 	129500 	131500 
20180328 	130500 	131500 	130000 	131500 
20180329 	131500 	139000 	131000 	137000 
20180330 	139500 	142500 	138000 	140000 
20180402 	139000 	141000 	138500 	140500 
20180403 	139000 	140000 	138500 	139500 
20180404 	139500 	140000 	134500 	136000 
20180405 	136500 	138000 	135000 	137500 
20180406 	136500 	140000 	136000 	139500 
20180409 	139000 	141000 	137500 	138500 
20180410 	141500 	146500 	140000 	144000 
20180411 	142000 	144000 	139000 	139500 
20180412 	141500 	142000 	138000 	138500 
20180413 	139000 	139500 	136500 	138500 
20180416 	139500 	142000 	138500 	140000 
20180417 	140000 	140500 	138000 	139000 
20180418 	140000 	142500 	139000 	140500 
20180419 	141000 	141500 	139000 	139000 
20180420 	138500 	139500 	136500 	136500 
20180423 	136500 	138500 	134500 	136000 
20180424 	136500 	137500 	134500 	136000 
20180425 	135000 	136000 	134000 	135000 
20180426 	138500 	141000 	137000 	139500 
20180427 	139000 	141500 	138500 	140500 
20180430 	141000 	142000 	139000 	140000 
20180502 	133000 	135000 	131000 	132000 
20180503 	132500 	135000 	131500 	132500 
20180504 	132500 	132500 	128000 	128500 
20180508 	128500 	131000 	127000 	127500 
20180509 	128000 	130000 	127500 	129000 
20180510 	130000 	131000 	127000 	127000 
20180511 	127500 	129500 	127500 	129500 
20180514 	129000 	130000 	127000 	127500 
20180515 	127500 	129500 	127500 	128500 
20180516 	128500 	131000 	127500 	130500 
20180517 	130500 	130500 	128500 	129000 
20180518 	131500 	132000 	129000 	129500 
20180521 	131000 	131500 	129000 	130000 
20180523 	129500 	130500 	128500 	130000 
20180524 	130000 	130500 	129000 	129000 
20180525 	128500 	130000 	128000 	129500 
20180528 	130000 	131000 	128500 	130500 
20180529 	130000 	130000 	128000 	128500 
20180530 	127500 	128000 	124500 	125000 
20180531 	126500 	127000 	125000 	125500 
20180601 	125000 	126500 	124500 	125000 
20180604 	124000 	125500 	123500 	124000 
20180605 	124500 	125000 	123500 	123500 
20180607 	124000 	126500 	123500 	123500 
20180608 	124000 	125000 	123500 	124000 
20180611 	124500 	125500 	124000 	125500 
20180612 	126000 	127000 	125500 	126500 
20180614 	126000 	126000 	122500 	122500 
20180615 	123500 	124000 	121000 	122000 
20180618 	121500 	122000 	119000 	119500 
20180619 	118500 	120500 	115500 	116500 
20180620 	116000 	119000 	116000 	118000 
20180621 	117500 	118000 	115500 	115500 
20180622 	115000 	118500 	115000 	118000 
20180625 	118500 	119000 	117000 	117000 
20180626 	116000 	117500 	115500 	117000 
20180627 	116500 	119000 	116000 	118000 
20180628 	118000 	118000 	116500 	116500 
20180629 	117500 	118000 	115000 	116500 
20180702 	117000 	117500 	115000 	115000 
20180703 	116000 	116000 	112000 	112500 
20180704 	112500 	115500 	112500 	113500 
20180705 	113000 	114500 	112500 	113500 
20180706 	113500 	117000 	113500 	116000 
20180709 	115500 	119500 	115000 	119000 
20180710 	119000 	119500 	117500 	118000 
20180711 	117000 	118000 	116000 	117000 
20180712 	117500 	121500 	117000 	120500 
20180713 	118000 	119500 	115000 	116000 
20180716 	116500 	118500 	116500 	117500 
20180717 	117000 	120500 	117000 	119500 
20180718 	120500 	123500 	119000 	119500 
20180719 	120500 	121500 	119500 	120500 
20180720 	121000 	121000 	119000 	121000 
20180723 	121000 	122500 	120000 	121500 
20180724 	122000 	122000 	121000 	121500 
20180725 	122000 	122000 	119000 	119000 
20180726 	121500 	122500 	119500 	120500 
20180727 	120500 	123500 	120000 	123000 
20180730 	122500 	124000 	122500 	124000 
20180731 	124000 	124000 	122500 	123500 
20180801 	123500 	124500 	122500 	123000 
20180802 	123000 	123500 	120000 	121000 
20180803 	122000 	122500 	121000 	122000 
20180806 	122000 	123000 	121500 	121500 
20180807 	122000 	126000 	122000 	125000 
20180808 	125500 	127500 	124000 	126000 
20180809 	126500 	127000 	125000 	125500 
20180810 	125000 	126000 	122500 	125500 
20180813 	125500 	126500 	122500 	124000 
20180814 	124000 	124000 	122500 	123500 
20180816 	122000 	122500 	120000 	121500 
20180817 	122000 	122500 	121000 	122000 
20180820 	122500 	124000 	121500 	122000 
20180821 	122000 	123000 	121000 	122000 
20180822 	122000 	123500 	121500 	123500 
20180823 	124000 	124000 	122500 	123500 
20180824 	123000 	123500 	122000 	123500 
20180827 	123000 	123000 	121500 	122000 
20180828 	122000 	123000 	121500 	122000 
20180829 	122000 	122000 	121000 	121500 
20180830 	121500 	121500 	119500 	120500 
20180831 	120500 	123000 	120500 	123000 
20180903 	122500 	123500 	122000 	123500 
20180904 	123000 	126000 	123000 	125000 
20180905 	125500 	126500 	124500 	125000 
20180906 	125000 	127000 	125000 	126500 
20180907 	126500 	126500 	124000 	125000 
20180910 	124000 	126000 	124000 	125500 
20180911 	125500 	126500 	125000 	126000 
20180912 	126500 	127000 	124500 	125000 
20180913 	126000 	126000 	124000 	124000 
20180914 	124000 	126500 	124000 	125500 
20180917 	125500 	127500 	125000 	125500 
20180918 	125000 	127000 	124500 	126000 
20180919 	126000 	127000 	123500 	123500 
20180920 	123500 	128500 	123000 	128500 
20180921 	125500 	132500 	125500 	131000 
20180927 	131500 	132000 	129500 	131000 
20180928 	130500 	131000 	129000 	129500 
20181001 	129000 	130000 	126000 	128000 
20181002 	127500 	128000 	125500 	126000 
20181004 	126500 	128000 	124000 	124500 
20181005 	124000 	125500 	122500 	125000 
20181008 	125000 	126000 	123500 	124000 
20181010 	125000 	126000 	122500 	123000 
20181011 	119000 	120000 	115000 	115000 
20181012 	115000 	118500 	114000 	117000 
20181015 	117000 	117500 	115000 	115500 
20181016 	116000 	117500 	116000 	116000 
20181017 	118000 	118500 	115000 	116500 
20181018 	117000 	117500 	116000 	116500 
20181019 	115500 	117000 	115000 	117000 
20181022 	116500 	117000 	115500 	116500 
20181023 	115500 	116000 	111500 	112500 
20181024 	113000 	114000 	112000 	113000 
20181025 	109500 	111500 	107000 	109500 
20181026 	110000 	110500 	105000 	106500 
20181029 	105500 	108500 	105000 	105500 
20181030 	105000 	110000 	104500 	108500 
20181031 	108500 	109500 	107000 	108500 
20181101 	108500 	110000 	107000 	107000 
20181102 	108000 	112000 	108000 	111000 
20181105 	110000 	110500 	106500 	108000 
20181106 	108500 	109500 	107500 	109500 
20181107 	109000 	111000 	108000 	108500 
20181108 	108000 	109000 	106500 	106500 
20181109 	106500 	107500 	104500 	105000 
20181112 	105000 	105000 	101000 	102000 
20181113 	101000 	106500 	100500 	106000 
20181114 	105500 	107000 	105000 	105500 
20181115 	99900 	103000 	99400 	103000 
20181116 	103000 	105500 	102000 	103500 
20181119 	103500 	105500 	103000 	104000 
20181120 	103500 	104500 	103000 	104000 
20181121 	103000 	103000 	100500 	102500 
20181122 	102500 	102500 	95800 	96400 
20181123 	96900 	100500 	96900 	99200 
20181126 	99300 	102000 	99300 	101500 
20181127 	102000 	104000 	101500 	104000 
20181128 	104500 	107000 	104000 	105000 
20181129 	106000 	106500 	104500 	104500 
20181130 	105000 	105500 	102500 	102500 
20181203 	104000 	107000 	103500 	105500 
20181204 	106000 	108000 	105000 	106000 
20181205 	104000 	106000 	104000 	105000 
20181206 	106000 	106000 	103000 	103500 
20181207 	104000 	106000 	104000 	105500 
20181210 	104500 	105500 	103500 	104500 
20181211 	109000 	110000 	105500 	108000 
20181212 	108000 	109500 	107000 	108000 
20181213 	108500 	111500 	108000 	110000 
20181214 	107000 	108000 	106000 	108000 
20181217 	108500 	109000 	107000 	108500 
20181218 	108000 	110000 	106500 	109500 
20181219 	109500 	110000 	108000 	108500 
20181220 	108000 	108500 	106500 	107500 
20181221 	108000 	108500 	106500 	107500 
20181224 	107000 	108000 	106500 	107000 
20181226 	105500 	106500 	102500 	103500 
20181227 	104000 	105000 	103000 	104500 
20181228 	104500 	106500 	104500 	105500 
20190102 	105500 	106500 	103000 	104000 
20190103 	104000 	106000 	104000 	104500 
20190104 	104000 	108000 	104000 	107000 
 


